Usuario;Coorporativa;soyvaldiviacl;latercera;elmostrador
CamilaS85842272;0.0;1.0;0.0;0.0
patty_gvi;0.0;1.0;0.0;0.0
CMCarabineros;0.5;0.0;0.0;0.5
edumiragu;0.666667;0.0;0.0;0.333333
iturra_pau;0.0;0.0;0.333333;0.666667
_macarena182;0.0;0.0;0.5;0.5
yessica_yo;0.23351599999999997;0.299451;0.23351599999999997;0.23351599999999997
AndreaBoyco;0.223214;0.227679;0.290179;0.258929
Lexdir_cl;0.218187;0.283613;0.24219699999999997;0.256002
Julyestef;0.178571;0.252551;0.284439;0.284439
igmendezor;0.19610999999999998;0.251275;0.286352;0.266263
Edorey;0.28265300000000004;0.22091799999999998;0.259694;0.236735
ester_manzo;0.25297600000000003;0.279762;0.22619;0.241071
amunozs;0.25;0.25;0.25;0.25
sandraoyarzuns;0.254727;0.292542;0.16911800000000002;0.283613
patrimoniocl;0.256002;0.288715;0.2509;0.20438199999999998
Piri_Iriarte;0.264286;0.232143;0.23928600000000003;0.264286
maurovk11;0.254396;0.22966999999999999;0.23681300000000002;0.279121
matsMaks;0.236735;0.259694;0.22091799999999998;0.28265300000000004
cinthyalissette;0.221429;0.28571399999999997;0.228571;0.264286
TitonaxO;0.215126;0.27184899999999995;0.222269;0.290756
andres_r_j;0.248214;0.288393;0.195089;0.268304
MadridAficion12;0.2875;0.266071;0.167857;0.278571
elbalagos11;0.22619;0.29379299999999997;0.21386100000000002;0.266156
regina_pack95;0.227273;0.294643;0.217127;0.26095799999999997
Dario_orp;0.273065;0.30133899999999997;0.164435;0.26116100000000003
FLindolla;0.265664;0.287594;0.176065;0.270677
KAUM_LosRios;0.241071;0.28571399999999997;0.232143;0.241071
beervaldivia;0.227273;0.288961;0.241883;0.241883
DagofloL;0.23273200000000002;0.299254;0.23273200000000002;0.235283
familiaasp;0.212302;0.28968299999999997;0.22222199999999998;0.275794
Reconocidosnet;0.299286;0.277143;0.194286;0.22928600000000002
N1c0l45QV;0.282062;0.257305;0.163961;0.296672
hellesiri2;0.21645;0.29220799999999997;0.245671;0.245671
MariaEs75549772;0.22449000000000002;0.29081599999999996;0.22449000000000002;0.260204
SaaScar;0.216912;0.288078;0.24028400000000003;0.254727
DZP2022;0.264286;0.264286;0.207143;0.264286
pinedape;0.238796;0.287582;0.234827;0.238796
josec266;0.223289;0.269808;0.218187;0.288715
NicoToxico;0.254396;0.279121;0.212088;0.254396
cgcardenaso;0.24285700000000002;0.28571399999999997;0.228571;0.24285700000000002
rodrigochaura;0.282004;0.294063;0.21196700000000002;0.21196700000000002
MarrceloG;0.22987;0.27013000000000004;0.204221;0.295779
Mery83919744;0.221532;0.29744699999999996;0.19755;0.28347100000000003
Carretes;0.25;0.29591799999999996;0.22959200000000002;0.22449000000000002
selloudec;0.225;0.289286;0.24285700000000002;0.24285700000000002
valenzuelabaid;0.209821;0.272321;0.290179;0.227679
TurismoC0ntigo;0.287202;0.24702399999999997;0.267113;0.19866099999999998
vivipizarrob;0.27184899999999995;0.23403400000000002;0.302521;0.191597
barriobenavente;0.23681300000000002;0.254396;0.279121;0.22966999999999999
Helen43338619;0.294643;0.272959;0.20790799999999998;0.22449000000000002
Fernand24106410;0.28125;0.30803600000000003;0.197917;0.21279800000000001
karinadelapaz;0.22959200000000002;0.27551;0.270408;0.22449000000000002
Pichito97383982;0.22222199999999998;0.25;0.22222199999999998;0.305556
MiltonHugoSepu2;0.25;0.25;0.25;0.25
ULagosOficial;0.21875;0.28571399999999997;0.265625;0.229911
danixabahamond2;0.216837;0.303571;0.255102;0.22449000000000002
pattygallardo11;0.25;0.267857;0.241071;0.241071
maureenbayerc;0.305556;0.25;0.22222199999999998;0.22222199999999998
roekisd;0.291667;0.25;0.229167;0.229167
mmontalba;0.23376599999999997;0.242695;0.251623;0.271916
Javita_714;0.267857;0.22619;0.23809499999999997;0.267857
Manu_Lozano117;0.283883;0.24725300000000003;0.22161199999999998;0.24725300000000003
acatalan;0.257653;0.280612;0.20408199999999999;0.257653
AsenjoYajaira;0.24702399999999997;0.30133899999999997;0.20461300000000002;0.24702399999999997
Pablozen;0.283883;0.271978;0.19688599999999998;0.24725300000000003
Julio01438910;0.26445599999999997;0.252551;0.184524;0.298469
invicente;0.247619;0.3;0.17381;0.278571
all_reychile;0.24704600000000002;0.292696;0.184479;0.275779
elabordec;0.207143;0.264286;0.28571399999999997;0.24285700000000002
MustBee17;0.28521799999999997;0.24900799999999998;0.180556;0.28521799999999997
nicogh;0.26916999999999996;0.288078;0.173582;0.26916999999999996
PaulaXPenalolen;0.28125;0.21875;0.28125;0.21875
RmMujeres;0.267857;0.232143;0.267857;0.232143
fsoriano;0.286352;0.251276;0.21109699999999998;0.251276
Javier_ParraG;0.296176;0.24170300000000003;0.205808;0.256313
PABLOALBORNOZ21;0.25297600000000003;0.15773800000000002;0.294643;0.294643
inzunza_09;0.25297600000000003;0.184524;0.28125;0.28125
marianalaloca3;0.251623;0.280844;0.23376599999999997;0.23376599999999997
g010101010101;0.280612;0.239796;0.19898;0.280612
bioxiplas01;0.259694;0.298469;0.182143;0.259694
CamiloRegla;0.24166700000000002;0.3;0.232143;0.22619
MiguedelaC;0.233442;0.29220799999999997;0.26298699999999997;0.211364
TabarniaSur;0.298214;0.273214;0.241071;0.1875
Janita28161315;0.168067;0.245798;0.283613;0.302521
radiorealestat;0.188776;0.244898;0.27551;0.29081599999999996
Ianthee;0.22619;0.266156;0.21386100000000002;0.29379299999999997
BelieAmbar;0.22619;0.260417;0.21577399999999997;0.297619
jcminones;0.172619;0.25297600000000003;0.287202;0.287202
mawrse;0.253571;0.3;0.192857;0.253571
vivianalavander;0.25469899999999995;0.287594;0.203008;0.25469899999999995
Vivianazu;0.201531;0.252551;0.270408;0.27551
elisa7j;0.240385;0.280907;0.231456;0.24725300000000003
sarake;0.267857;0.25297600000000003;0.199405;0.279762
NftVega;0.280612;0.239796;0.221939;0.257653
Victorirribarr5;0.25294099999999997;0.26008400000000004;0.196218;0.290756
FundacionEmilia;0.23526799999999998;0.28125;0.23526799999999998;0.248214
SammieF48012716;0.257305;0.296672;0.178571;0.267451
TeamCata;0.248052;0.29220799999999997;0.204221;0.255519
Norilla_HG;0.296429;0.257143;0.214286;0.232143
RvillagraZ;0.276611;0.295518;0.207983;0.219888
R_SaldiviaV;0.29354600000000003;0.259712;0.220865;0.225877
clawi09;0.27781999999999996;0.30451100000000003;0.207519;0.21015
aglz19;0.263963;0.292696;0.24704600000000002;0.196294
zavkaamladinic;0.23288699999999998;0.267113;0.21279800000000001;0.287202
tomacho3;0.223214;0.25;0.27678600000000003;0.25
munosses;0.199405;0.294643;0.25297600000000003;0.25297600000000003
errantis04;0.22449000000000002;0.27551;0.23851999999999998;0.26148000000000005
RominaNorambue7;0.223214;0.3;0.223214;0.253571
Electromovilid4;0.22885300000000003;0.287594;0.22885300000000003;0.25469899999999995
castro5ila8417;0.214912;0.270677;0.214912;0.29949899999999996
santaliss1125;0.19610999999999998;0.251275;0.286352;0.266263
rossishelton;0.280907;0.231456;0.256181;0.231456
Cinthia69314642;0.223214;0.227679;0.290179;0.258929
baza_bokar;0.240909;0.218831;0.27013000000000004;0.27013000000000004
CodedSlut;0.27678600000000003;0.205357;0.267857;0.25
hectorpachecor8;0.221429;0.28571399999999997;0.246429;0.246429
hernandez_araya;0.20098;0.264706;0.23179299999999997;0.302521
toddy_cl;0.27678600000000003;0.214286;0.241071;0.267857
BayardoCS;0.258929;0.28571399999999997;0.214286;0.241071
GolditoGonza;0.271429;0.278571;0.214286;0.23571399999999998
aliciaalarconp;0.22222199999999998;0.28968299999999997;0.24404800000000001;0.24404800000000001
a_alevila;0.26916999999999996;0.288078;0.22137600000000002;0.22137600000000002
victorcea_;0.23851999999999998;0.284439;0.23851999999999998;0.23851999999999998
l_estebann;0.235819;0.292542;0.235819;0.235819
Elisabe45605877;0.22619;0.28571399999999997;0.22619;0.261905
TuPatrimonioOro;0.2255;0.29744699999999996;0.231539;0.24551399999999998
CFTesTarapaca;0.25;0.29226199999999997;0.207738;0.25
a_concha;0.22137600000000002;0.26916999999999996;0.288078;0.22137600000000002
CulturaRecoleta;0.178571;0.284439;0.26148000000000005;0.27551
Illawara_puq;0.266071;0.24285700000000002;0.225;0.266071
PRANIL4U;0.228084;0.296672;0.21793800000000002;0.257305
JeffreyHayzlett;0.288715;0.269808;0.20438199999999998;0.23709499999999997
grimaldiperiod;0.25297600000000003;0.279762;0.214286;0.25297600000000003
lpaivita;0.286352;0.251276;0.21109699999999998;0.251276
Aramil_Liadem;0.23851999999999998;0.284439;0.23851999999999998;0.23851999999999998
RepublicanoDon;0.205357;0.267857;0.294643;0.232143
jsalinasp;0.232143;0.258929;0.25;0.258929
nancyc41111835;0.242695;0.251623;0.242695;0.26298699999999997
_distrito26;0.232143;0.25297600000000003;0.273809;0.241071
CalexisD;0.293254;0.265079;0.220833;0.220833
KiweNasa;0.2255;0.29744699999999996;0.231539;0.24551399999999998
NicolsMujicaH1;0.186975;0.302521;0.245798;0.264706
Izcoaalv;0.288265;0.27551;0.20663299999999998;0.22959200000000002
mpenaespinoza;0.22449000000000002;0.283673;0.24591799999999997;0.24591799999999997
FreddyGarciaC;0.266071;0.266071;0.266071;0.201786
LibertyNewsCL;0.229911;0.28571399999999997;0.19866099999999998;0.28571399999999997
TraveIFaves;0.24285700000000002;0.28571399999999997;0.207143;0.264286
AngelaR89482906;0.22023800000000002;0.284524;0.247619;0.247619
jeremievdp;0.254396;0.279121;0.254396;0.212088
FcoSCL;0.283673;0.267347;0.18673499999999998;0.262245
Claudia_R_L;0.267347;0.29438800000000004;0.213265;0.225
pbitreras;0.234827;0.287582;0.238796;0.238796
RCI_Chile;0.251275;0.29438800000000004;0.214031;0.240306
JorqueraEdita;0.22885300000000003;0.30451100000000003;0.23331799999999997;0.23331799999999997
Valdiaseo;0.268304;0.28125;0.202232;0.248214
mafdagarfiasf;0.248214;0.288393;0.215179;0.248214
SadhotraMeenu;0.28571399999999997;0.28571399999999997;0.214286;0.214286
valejuarz;0.21853699999999998;0.26445599999999997;0.235544;0.281463
gesayare;0.260902;0.23063899999999998;0.217293;0.291165
eldelfinego;0.241071;0.290179;0.196429;0.272321
TLL_MAG;0.233929;0.277679;0.194643;0.29375
Brujulaconstit2;0.292542;0.254727;0.179097;0.273634
martianglaciers;0.256181;0.280907;0.206731;0.256181
MonoJaure;0.23851999999999998;0.284439;0.23851999999999998;0.23851999999999998
EFFECT4EVERCHIL;0.278571;0.269048;0.22619;0.22619
HarinaBlanquita;0.299286;0.277143;0.194286;0.22928600000000002
Preludi51983169;0.272959;0.246173;0.251276;0.22959200000000002
lead2purpose;0.283673;0.24591799999999997;0.24591799999999997;0.22449000000000002
MarmolTour;0.214031;0.29438800000000004;0.224235;0.267347
NodoArtesania;0.257143;0.269048;0.216667;0.257143
aleparramuoz;0.196429;0.27678600000000003;0.25;0.27678600000000003
marceloanuch;0.19866099999999998;0.28571399999999997;0.25;0.265625
6f7925890fe04e6;0.21565900000000002;0.240385;0.271978;0.271978
jlmprevencion;0.258929;0.25;0.232143;0.258929
Rosario06981425;0.245671;0.274892;0.23376599999999997;0.245671
michellescats3;0.283883;0.259158;0.222527;0.23443200000000003
mara_villa_sol;0.293254;0.265079;0.220833;0.220833
Shark_Grillz;0.28521799999999997;0.24900799999999998;0.23288699999999998;0.23288699999999998
rominaayancan;0.267113;0.287202;0.21875;0.226935
ccontreritas;0.22959200000000002;0.28571399999999997;0.22959200000000002;0.255102
CEsparzaP;0.227679;0.295281;0.227679;0.249362
Raul_Verdugo_;0.231879;0.30181199999999997;0.21481399999999998;0.25149499999999997
Vlubbert;0.22240300000000002;0.268939;0.268939;0.23971900000000002
woobowba;0.22449000000000002;0.281463;0.25850300000000004;0.235544
Felipea54716219;0.267857;0.196429;0.267857;0.267857
BillryanSummer1;0.25;0.25;0.25;0.25
ripinchains;0.23376599999999997;0.298701;0.23376599999999997;0.23376599999999997
lagauchapuq;0.254396;0.279121;0.23681300000000002;0.22966999999999999
GainsShu;0.167562;0.292696;0.263963;0.275779
fabifernandezt;0.268939;0.28355;0.155303;0.29220799999999997
Mopi06891276;0.218881;0.291562;0.227861;0.261696
Diegova97057136;0.26363600000000004;0.292532;0.22191599999999997;0.22191599999999997
ZurdaRoja1312;0.264286;0.214286;0.257143;0.264286
SINERDEMOCRATI1;0.251623;0.251623;0.23376599999999997;0.26298699999999997
ahivanbus;0.240385;0.289835;0.222527;0.24725300000000003
hazlalinda;0.22449000000000002;0.270408;0.27551;0.22959200000000002
PatriciaComas3;0.254396;0.279121;0.24725300000000003;0.21923099999999998
CMRchile;0.241497;0.281463;0.235544;0.241497
Davick_song;0.267857;0.196429;0.267857;0.267857
P_Navia;0.25;0.25;0.25;0.25
bots_un;0.24242399999999997;0.272727;0.24242399999999997;0.24242399999999997
FelipeSmides;0.22959200000000002;0.311225;0.22959200000000002;0.22959200000000002
Andres_luna5;0.278571;0.247619;0.22619;0.247619
hugolagosv;0.291165;0.260902;0.200376;0.247556
PergolaPzaNunoa;0.214031;0.29438800000000004;0.224235;0.267347
victortapiaG;0.204932;0.281463;0.216837;0.296769
partnognsis;0.22449000000000002;0.27551;0.241497;0.25850300000000004
3exZeQL4p53tiCd;0.26148000000000005;0.284439;0.215561;0.23851999999999998
CamiloOjedaR1;0.24900799999999998;0.28521799999999997;0.23288699999999998;0.23288699999999998
Amadai_b00m23;0.30133899999999997;0.266263;0.21619899999999997;0.21619899999999997
ricardomillangu;0.28125;0.286352;0.21619899999999997;0.21619899999999997
Ghonoresr;0.26116100000000003;0.287202;0.19866099999999998;0.25297600000000003
HashmonkeyEth;0.28521799999999997;0.24900799999999998;0.23288699999999998;0.23288699999999998
AnefLagos;0.253205;0.259158;0.209707;0.27793
tdvC0TsJbyJOz4p;0.298469;0.243878;0.197959;0.259694
CasinoMinny;0.28571399999999997;0.246429;0.21071399999999998;0.257143
Fuegoflama1;0.26116100000000003;0.288393;0.222321;0.228125
JsfChile;0.288715;0.269808;0.20438199999999998;0.23709499999999997
agurtocristian;0.278613;0.291562;0.201963;0.227861
Amani_Patri;0.272959;0.246173;0.251276;0.22959200000000002
Esperanzaoliva8;0.23851999999999998;0.284439;0.23851999999999998;0.23851999999999998
williamconmar;0.266071;0.2875;0.223214;0.223214
GrvCom;0.27793;0.253205;0.190934;0.27793
jvilla77;0.267857;0.258929;0.214286;0.258929
Franchescoandr4;0.24725300000000003;0.258242;0.197802;0.296703
Christianvaler;0.245798;0.26260500000000003;0.207983;0.283613
CorpUdechile;0.241071;0.260714;0.208929;0.289286
hnmazul;0.22987;0.27013000000000004;0.204221;0.295779
Ingelosofo_91;0.236905;0.26309499999999997;0.236905;0.26309499999999997
Carmen_lemunao;0.22619;0.273809;0.22619;0.273809
TeodoroRiberaN;0.212088;0.254396;0.279121;0.254396
Dcaliva5;0.21071399999999998;0.278571;0.266071;0.24464299999999997
Diani_cr;0.19866099999999998;0.26116100000000003;0.25;0.290179
MaxMuno93112204;0.21565900000000002;0.296703;0.231456;0.256181
AijalomWagner;0.254396;0.279121;0.212088;0.254396
JorgeAl00774173;0.228571;0.289286;0.257143;0.225
vecinosPtovaras;0.23474;0.292532;0.23474;0.23798699999999998
Grafton_Chile;0.2164;0.27514099999999997;0.2164;0.292058
ChaSquEada;0.230129;0.292696;0.201396;0.275779
HastaColo;0.239796;0.29591799999999996;0.19898;0.265306
mariapazlarrain;0.214286;0.279762;0.25297600000000003;0.25297600000000003
Alejandro198215;0.20663299999999998;0.298469;0.24744899999999997;0.24744899999999997
Fernasilvaval;0.23443200000000003;0.296703;0.23443200000000003;0.23443200000000003
Ptrely07;0.290179;0.258929;0.209821;0.241071
ZMyBerg;0.252551;0.230442;0.298469;0.21853699999999998
jruizivan;0.24285700000000002;0.264286;0.28571399999999997;0.207143
GABORPP;0.278316;0.29438800000000004;0.197194;0.230102
4nonosenelset;0.27708;0.27708;0.252355;0.193485
alejandroflor34;0.266263;0.286352;0.246173;0.201212
caluzca;0.26298699999999997;0.274892;0.199134;0.26298699999999997
ficmasazul;0.241071;0.279762;0.23809499999999997;0.241071
Musashi_code;0.22959200000000002;0.26148000000000005;0.22449000000000002;0.284439
cucaovalle;0.257143;0.28571399999999997;0.228571;0.228571
UrrutiaPatty;0.25;0.25;0.214286;0.28571399999999997
Ali__CBA;0.23709499999999997;0.288715;0.20438199999999998;0.269808
antoniomirann;0.24591799999999997;0.283673;0.22449000000000002;0.24591799999999997
anabuzzog;0.24404800000000001;0.28571399999999997;0.22619;0.24404800000000001
ReydeNegras;0.28571399999999997;0.257143;0.228571;0.228571
mayda_vergara;0.26445599999999997;0.22959200000000002;0.207483;0.298469
FanDeIsaSouza2;0.257703;0.22689099999999998;0.212885;0.302521
mdonosoc;0.23851999999999998;0.284439;0.201531;0.27551
Marze1o;0.199405;0.25297600000000003;0.25297600000000003;0.294643
LicOriginal;0.21279800000000001;0.25297600000000003;0.25297600000000003;0.28125
javieravera123;0.22619;0.25297600000000003;0.279762;0.241071
YessiCabreraG;0.228827;0.302041;0.190051;0.279082
Marciomixx;0.22959200000000002;0.29081599999999996;0.23724499999999998;0.24234699999999998
Tamaramedel2;0.237605;0.28718499999999997;0.237605;0.237605
Carloso94572314;0.213675;0.309066;0.23443200000000003;0.242827
50Viejo;0.286352;0.251276;0.21109699999999998;0.251276
ingenierosva;0.27319099999999996;0.29730999999999996;0.21475;0.21475
Mundanki132;0.243506;0.295455;0.202922;0.258117
Mariapazff;0.266071;0.2875;0.223214;0.223214
Tobias81893768;0.28521799999999997;0.24900799999999998;0.23288699999999998;0.23288699999999998
beleen_medina;0.254396;0.279121;0.19450499999999998;0.271978
raquelpuginrios;0.248214;0.288393;0.202232;0.26116100000000003
danilo_eventos;0.23928600000000003;0.275;0.2;0.28571399999999997
Aman7Nayak;0.278571;0.271429;0.192857;0.257143
alegarreton;0.257143;0.278571;0.171429;0.29285700000000003
valle_cvallep;0.222527;0.24725300000000003;0.271978;0.258242
Andres24152509;0.296703;0.222527;0.24725300000000003;0.23351599999999997
CGE_Clientes;0.241071;0.241071;0.27678600000000003;0.241071
artemiolupin;0.233929;0.266071;0.233929;0.266071
mpobletevega76;0.207983;0.283613;0.26365500000000003;0.244748
Sysala1;0.227273;0.266698;0.21521300000000002;0.29081599999999996
Patoicio;0.21071399999999998;0.29226199999999997;0.22380999999999998;0.273214
Mercy0nMe_;0.28741500000000003;0.26445599999999997;0.21853699999999998;0.22959200000000002
barbaramorav;0.23376599999999997;0.23376599999999997;0.257576;0.274892
estenavavilla;0.248214;0.275;0.228571;0.248214
izqautonoma_xiv;0.24285700000000002;0.28571399999999997;0.228571;0.24285700000000002
_corca;0.22023800000000002;0.297619;0.223214;0.258929
Nortina_;0.219444;0.30396799999999996;0.22222199999999998;0.254365
NairaLunaa;0.215561;0.26148000000000005;0.284439;0.23851999999999998
GritoGol;0.24591799999999997;0.283673;0.22449000000000002;0.24591799999999997
Ricardo4833;0.23443200000000003;0.255189;0.275946;0.23443200000000003
oursng;0.223214;0.223214;0.258929;0.294643
rdamianiq;0.24464299999999997;0.24464299999999997;0.223214;0.2875
psiquiatrason;0.229911;0.290179;0.209821;0.27008899999999997
carrenobalboa;0.223214;0.27678600000000003;0.205357;0.294643
berniquinonesa;0.187946;0.288393;0.255357;0.268304
BenCop66;0.204762;0.265079;0.236905;0.293254
Estrell01752712;0.267857;0.223214;0.241071;0.267857
KatyBachmann;0.23798699999999998;0.292532;0.23474;0.23474
soyvalparaiso;0.271978;0.279121;0.21923099999999998;0.22966999999999999
nuhong16;0.260902;0.23063899999999998;0.217293;0.291165
CheloMannett;0.25294099999999997;0.290756;0.25294099999999997;0.203361
JuanDiazdeRenca;0.248214;0.296429;0.248214;0.207143
psytriptuitero;0.235544;0.296769;0.272109;0.195578
conirk;0.233442;0.29220799999999997;0.26298699999999997;0.211364
Rehenzo;0.23709499999999997;0.23709499999999997;0.23709499999999997;0.288716
FProvees;0.23288699999999998;0.28521799999999997;0.216766;0.265129
copepodito;0.23183;0.291562;0.218881;0.257728
alarenasa;0.266071;0.266071;0.17410699999999998;0.29375
SamikamyN;0.233929;0.29375;0.222321;0.25
CristyWeed87;0.275;0.275;0.182143;0.267857
kimnjenga3;0.278571;0.266071;0.198214;0.257143
RobGool;0.22959200000000002;0.29081599999999996;0.23724499999999998;0.24234699999999998
esosanrod;0.235204;0.29438800000000004;0.224235;0.246173
ZGCP1983;0.223214;0.2875;0.24464299999999997;0.24464299999999997
DaveWeasel;0.223214;0.294643;0.241071;0.241071
doniquique;0.283613;0.276611;0.219888;0.219888
NeumannAlberto;0.20098;0.283613;0.238796;0.276611
daieta;0.20969400000000002;0.267347;0.228571;0.29438800000000004
ElbaCancino1;0.167857;0.257143;0.3;0.275
SFBarrueto;0.18703;0.253759;0.287594;0.271617
ciudadano_repub;0.184524;0.287202;0.26116100000000003;0.267113
xexihappy;0.215995;0.29084099999999996;0.202324;0.29084099999999996
ERORH;0.22240300000000002;0.242695;0.26298699999999997;0.271916
KokyTiti;0.209707;0.283883;0.24725300000000003;0.259158
carignaro1967;0.204762;0.269048;0.23571399999999998;0.290476
pielintinta;0.223214;0.223214;0.258929;0.294643
parnasiano;0.235204;0.29438800000000004;0.224235;0.246173
Javier10uc;0.27551;0.241497;0.241497;0.241497
malditosinonda;0.25;0.297619;0.22619;0.22619
shegueurelmao;0.23851999999999998;0.26148000000000005;0.22449000000000002;0.27551
yesi0917;0.25;0.28571399999999997;0.207143;0.257143
MeaCulpaDiaMen1;0.246429;0.29285700000000003;0.21071399999999998;0.25
cnavarreteaedo;0.22959200000000002;0.283673;0.22449000000000002;0.262245
SenoraVecina;0.24725300000000003;0.259158;0.209707;0.283883
os_ccar;0.279082;0.240306;0.22091799999999998;0.259694
fabianatburgos;0.235819;0.288078;0.24028400000000003;0.235819
Rulovaldivia;0.21875;0.28125;0.25;0.25
mildebonita;0.215179;0.288393;0.228125;0.268304
Claudia59891347;0.24591799999999997;0.283673;0.24081599999999997;0.22959200000000002
chrissavend;0.21279800000000001;0.297619;0.273809;0.21577399999999997
CassanovaMarco;0.23851999999999998;0.279974;0.23851999999999998;0.24298499999999998
negrismarce;0.296703;0.271978;0.212088;0.21923099999999998
MstrPipa;0.278571;0.257143;0.216667;0.247619
jel6071;0.26309499999999997;0.26309499999999997;0.236905;0.236905
ishtar_inana;0.248214;0.294643;0.228571;0.228571
lacorotita;0.239796;0.280612;0.221939;0.257653
Gustasaavedra;0.22619;0.26309499999999997;0.22619;0.284524
KunstLeo;0.279121;0.22966999999999999;0.23681300000000002;0.254396
OMEGA_Antof;0.26363600000000004;0.292532;0.22191599999999997;0.22191599999999997
ConapachChile;0.259694;0.28265300000000004;0.243878;0.21377600000000002
Alejand73666764;0.22619;0.25297600000000003;0.22619;0.294643
DVerdadJusticia;0.23288699999999998;0.25297600000000003;0.23288699999999998;0.28125
SINTABU1;0.25294099999999997;0.237605;0.222269;0.28718499999999997
BelenFranlopezf;0.271978;0.240385;0.197802;0.289835
VictorS86974793;0.291165;0.260902;0.200376;0.247556
dannypali;0.221429;0.28571399999999997;0.246429;0.246429
agroceler;0.26160700000000003;0.283036;0.227679;0.227679
buscamotel;0.22966999999999999;0.254396;0.279121;0.23681300000000002
HanComplicated;0.257143;0.257143;0.228571;0.257143
ro3zpNUkE75xKfx;0.25;0.267857;0.232143;0.25
mundodaboIa;0.24026;0.23376599999999997;0.26298699999999997;0.26298699999999997
smoonuga;0.255357;0.288393;0.228125;0.228125
TobiasMETE1;0.241883;0.288961;0.227273;0.241883
Rodri050716;0.23933200000000002;0.294063;0.227273;0.23933200000000002
mesadeturismo;0.211936;0.287594;0.23778200000000002;0.26268800000000003
BjpRajora;0.28571399999999997;0.28571399999999997;0.214286;0.214286
Rmalvials1987;0.270677;0.29473699999999997;0.203008;0.231579
ionel2168;0.27319099999999996;0.29730999999999996;0.204545;0.224954
matareunmoustro;0.283673;0.24591799999999997;0.18673499999999998;0.283673
lalaonate;0.25463800000000003;0.294063;0.184601;0.266698
MaferPiC;0.254396;0.279121;0.212088;0.254396
Danieeela_10;0.28571399999999997;0.264286;0.207143;0.24285700000000002
Alejand81222106;0.295779;0.277597;0.160065;0.266558
alb_dillane;0.222496;0.302237;0.20330499999999999;0.271962
BarbiPLANIKA;0.172619;0.25297600000000003;0.287202;0.287202
WCensurado;0.268939;0.245671;0.23971900000000002;0.245671
Juflyne;0.254396;0.279121;0.22966999999999999;0.23681300000000002
PORTFOLIOMDZ;0.248214;0.288393;0.228125;0.23526799999999998
CheapestHandpan;0.23611100000000002;0.28968299999999997;0.230159;0.24404800000000001
retirewcashflow;0.251751;0.283613;0.212885;0.251751
Claudioelcojo;0.209821;0.28571399999999997;0.21875;0.28571399999999997
Bilalisgoren;0.278571;0.26309499999999997;0.19523800000000002;0.26309499999999997
Carlos51108469;0.26116100000000003;0.30133899999999997;0.18928599999999998;0.248214
VuelaJetSMART;0.22959200000000002;0.27551;0.241497;0.25340100000000004
BexireeYuri;0.22449000000000002;0.29081599999999996;0.22449000000000002;0.260204
ongas;0.25;0.25;0.25;0.25
Aylen_floresC;0.28571399999999997;0.232143;0.241071;0.241071
jorgejorq;0.26511;0.289835;0.222527;0.222527
RavMarco;0.271978;0.26511;0.197802;0.26511
FindangoFinance;0.27319099999999996;0.29730999999999996;0.21475;0.21475
isanavarro4x4;0.24725300000000003;0.282967;0.173077;0.296703
jorgediazxv;0.240909;0.218831;0.27013000000000004;0.27013000000000004
MAgdale95749596;0.231456;0.21565900000000002;0.256181;0.296703
pactochileverde;0.242695;0.271916;0.22240300000000002;0.26298699999999997
ProyectoUn1;0.23851999999999998;0.284439;0.22449000000000002;0.252551
CarMauricioB;0.23288699999999998;0.30133899999999997;0.22470199999999999;0.241071
ingrid19gr;0.22619;0.291667;0.214286;0.267857
milenkagonzale3;0.3;0.269048;0.19523800000000002;0.23571399999999998
NativoPoblador;0.26298699999999997;0.251623;0.21347399999999997;0.271916
Rodo_velasquezs;0.231456;0.296703;0.231456;0.240385
ReginaFFalang;0.225;0.289286;0.225;0.260714
antorosalesb;0.25297600000000003;0.279762;0.22619;0.241071
Regenera_org;0.247619;0.284524;0.22023800000000002;0.247619
patricioibarrag;0.288393;0.268304;0.20803600000000003;0.23526799999999998
languages_web2;0.253205;0.27793;0.23443200000000003;0.23443200000000003
JSebachile;0.289286;0.236905;0.184524;0.289286
tatty1977;0.241071;0.27678600000000003;0.241071;0.241071
Cindi66916851;0.289286;0.260714;0.225;0.225
cindylukitas200;0.267857;0.303571;0.214286;0.214286
matbarr1;0.24725300000000003;0.26511;0.197802;0.289835
bRGBUP6xN1AIUMV;0.278571;0.253571;0.192857;0.275
GasagaLtda;0.26116100000000003;0.293155;0.180804;0.264881
wasauski_may;0.296454;0.27148;0.16356099999999998;0.268504
casteltrin;0.29081599999999996;0.280612;0.214286;0.214286
huaquin;0.23273200000000002;0.296703;0.23273200000000002;0.23783400000000002
VicenteAlduante;0.257143;0.278571;0.228571;0.23571399999999998
LilyCon97677852;0.22959200000000002;0.284439;0.210459;0.27551
WhoIsJudah;0.28571399999999997;0.264286;0.192857;0.257143
l_yevenes;0.268304;0.248214;0.182143;0.30133899999999997
Marcogar7;0.294118;0.196078;0.254902;0.254902
Verogato12;0.24725300000000003;0.261538;0.212088;0.279121
Pspractico;0.23571399999999998;0.2875;0.21071399999999998;0.266071
direc_alpaladar;0.232143;0.294643;0.214286;0.258929
AltoRadio;0.264706;0.288715;0.181873;0.264706
puyehuechile;0.22584;0.288078;0.26916999999999996;0.216912
ricperez6;0.234211;0.287594;0.24398499999999998;0.234211
rpalomovelez;0.20438199999999998;0.288715;0.2509;0.256002
kriss_2905;0.222527;0.26511;0.21565900000000002;0.296703
coachievers;0.251275;0.29438800000000004;0.214031;0.240306
valitacnco;0.271978;0.26511;0.190934;0.271978
rrcarly_;0.257143;0.269048;0.183333;0.290476
ontopofthehill_;0.205357;0.25297600000000003;0.267857;0.273809
mjosefasmart;0.245671;0.274892;0.23376599999999997;0.245671
Mateo_Abogados;0.223214;0.25;0.27678600000000003;0.25
Fatima48333152;0.253205;0.259158;0.209707;0.27793
CarolynAnhDang;0.24702399999999997;0.25297600000000003;0.21279800000000001;0.287202
monttmario7;0.23403400000000002;0.27184899999999995;0.203361;0.290756
Pauli_Joh;0.21388000000000001;0.29789;0.193588;0.294643
animartinss;0.172664;0.292696;0.263963;0.270677
lalombrizz4;0.23798699999999998;0.292532;0.23474;0.23474
metalfingers6;0.303571;0.272959;0.21173499999999998;0.21173499999999998
BerniiiCN;0.29220799999999997;0.26808899999999997;0.219852;0.219852
9230_9;0.24725300000000003;0.283883;0.246337;0.222527
MiguelMoralesA5;0.205882;0.22689099999999998;0.283613;0.283613
JerryDo86748139;0.307692;0.17948699999999998;0.25640999999999997;0.25640999999999997
PRDPanama2024;0.267857;0.258929;0.214286;0.258929
Micky_Cami96;0.24725300000000003;0.271978;0.197802;0.282967
NicolsP54773357;0.26808899999999997;0.24397;0.219852;0.26808899999999997
karen_avenitaa;0.253205;0.27793;0.21565900000000002;0.253205
weonvaldiviano;0.23851999999999998;0.284439;0.23851999999999998;0.23851999999999998
KenzoShinya;0.24900799999999998;0.28521799999999997;0.23288699999999998;0.23288699999999998
MARICHIWEU3;0.22966999999999999;0.279121;0.212088;0.279121
deRECHAzOo;0.24404800000000001;0.291667;0.184524;0.279762
TomasGreene;0.281463;0.281463;0.21853699999999998;0.21853699999999998
ninkenny;0.22619;0.266156;0.21386100000000002;0.29379299999999997
Raymond_2022;0.23273200000000002;0.27708;0.213108;0.27708
Pipesh2505;0.242695;0.242695;0.242695;0.271916
Marcelo8740;0.231456;0.280907;0.231456;0.256181
jocesita6;0.267857;0.258929;0.196429;0.27678600000000003
DAEMONTAT;0.252551;0.25340100000000004;0.195578;0.298469
nonybonita;0.25;0.255952;0.208333;0.28571399999999997
G25Joce;0.27551;0.298469;0.173469;0.252551
PazQuinteros2;0.257143;0.278571;0.228571;0.23571399999999998
sepulvedaradio;0.235819;0.288078;0.235819;0.24028400000000003
ClaudiaFV;0.222496;0.302237;0.20330499999999999;0.271962
Cynthia833878;0.222842;0.304315;0.205729;0.267113
JoseStu41880694;0.20816300000000001;0.262245;0.235204;0.29438800000000004
CDUC1937;0.201531;0.281463;0.22619;0.29081599999999996
Nellylucero2;0.205357;0.273809;0.22619;0.294643
GonzaloSanchezU;0.2875;0.253571;0.201786;0.257143
helenvaldivia76;0.275;0.3;0.18928599999999998;0.23571399999999998
Noepilar12;0.241497;0.27551;0.21853699999999998;0.26445599999999997
strngev;0.247619;0.284524;0.22023800000000002;0.247619
RicMontanaA;0.258929;0.294643;0.178571;0.267857
Marce_RT_;0.23571399999999998;0.289286;0.233929;0.241071
docaramin;0.24285700000000002;0.24285700000000002;0.228571;0.28571399999999997
Estefakam;0.223214;0.3;0.21071399999999998;0.266071
mazapan____z;0.255357;0.267857;0.201786;0.275
vsni;0.264319;0.303242;0.16812;0.264319
Nahuelverduz1;0.26916999999999996;0.288078;0.22137600000000002;0.22137600000000002
rodrigo_300km;0.267857;0.25297600000000003;0.184524;0.294643
OmarZniga1;0.257143;0.28571399999999997;0.2;0.257143
lagatanegra2020;0.25;0.28571399999999997;0.214286;0.25
osvaldocs80;0.25463800000000003;0.294063;0.184601;0.266698
D_Hasson;0.220982;0.268304;0.222321;0.288393
Jsvd30389989;0.231186;0.30133899999999997;0.236288;0.231186
blondehillie;0.23183;0.287594;0.23778200000000002;0.242794
JulioUlloa62;0.28571399999999997;0.267857;0.223214;0.223214
MatiasYoelD;0.24242399999999997;0.212121;0.272727;0.272727
karlita_c;0.279762;0.23809499999999997;0.241071;0.241071
mariaelenabr;0.27678600000000003;0.294643;0.214286;0.214286
VertigoCanal13;0.25;0.277778;0.194444;0.277778
asgodoys;0.222527;0.283883;0.246337;0.24725300000000003
kikayfelipe;0.22023800000000002;0.284524;0.21071399999999998;0.284524
mella_edu;0.236631;0.28686;0.236631;0.239878
Sophia_M2000;0.275;0.248214;0.228571;0.248214
Caritto_herrera;0.253205;0.27793;0.23443200000000003;0.23443200000000003
rofaundezg;0.23443200000000003;0.255189;0.275946;0.23443200000000003
FresiaAlDia;0.1875;0.27678600000000003;0.267857;0.267857
RevistaelFrente;0.218881;0.291562;0.227861;0.261696
LebuFelipe;0.298469;0.27551;0.201531;0.22449000000000002
KaluhCandia;0.28125;0.26116100000000003;0.238839;0.21875
pollodiantres;0.278571;0.278571;0.228571;0.214286
DoctorErazo;0.261905;0.261905;0.214286;0.261905
CeciliaRoco1;0.212302;0.28968299999999997;0.22222199999999998;0.275794
WWNMEXICO;0.216837;0.29081599999999996;0.223214;0.269133
Sophiaantonel16;0.184524;0.267857;0.303571;0.24404800000000001
ReggaeEsVida_7;0.199134;0.26298699999999997;0.29220799999999997;0.245671
Rodjara3;0.228571;0.3;0.228571;0.24285700000000002
Linea3_Tracols;0.228571;0.294643;0.228571;0.248214
IzzyBellenoir_;0.23526799999999998;0.28125;0.23526799999999998;0.248214
LatinoCultura;0.267857;0.241071;0.267857;0.223214
GabrielaNicoole;0.24725300000000003;0.296703;0.24725300000000003;0.20879099999999998
javibertens;0.25;0.290179;0.26116100000000003;0.19866099999999998
MiguelA19708341;0.257143;0.3;0.269048;0.17381
TNT1987a;0.245671;0.26298699999999997;0.245671;0.245671
anasharife;0.18699000000000002;0.251276;0.29438800000000004;0.267347
Stelphone_Ltda;0.27678600000000003;0.29285700000000003;0.16964300000000002;0.260714
conpatitass;0.22449000000000002;0.283673;0.24591799999999997;0.24591799999999997
ChallengePetro;0.25;0.229911;0.238839;0.28125
Noem08567630;0.241071;0.223214;0.232143;0.303571
FITICHLOSLAGOS;0.242695;0.228084;0.237013;0.29220799999999997
vraverta;0.289286;0.204762;0.216667;0.289286
VTR_POWER;0.258929;0.223214;0.258929;0.258929
felipeBah1;0.236905;0.269048;0.236905;0.257143
AndreaSilvaBaez;0.22449000000000002;0.283673;0.24591799999999997;0.24591799999999997
PrevencionACHS;0.21279800000000001;0.267113;0.23288699999999998;0.287202
patioscout;0.267857;0.232143;0.241071;0.258929
ongirv;0.24725300000000003;0.283883;0.222527;0.246337
OsloTopNews;0.233929;0.29375;0.222321;0.25
PameDola;0.214912;0.276629;0.203947;0.30451100000000003
comisionbecas;0.21071399999999998;0.278571;0.232143;0.278571
riggerberengue;0.23288699999999998;0.287202;0.21875;0.26116100000000003
LeMasti;0.3;0.266071;0.198214;0.23571399999999998
nicolcornejop;0.28125;0.30133899999999997;0.196429;0.220982
Danirulitos1;0.276629;0.30451100000000003;0.192982;0.225877
HdezVal18;0.260902;0.287594;0.180827;0.270677
BeatrizFuentesR;0.215561;0.252551;0.24744899999999997;0.284439
gonzalo_santeli;0.277183;0.293254;0.20873000000000003;0.220833
ANFUCULTURA;0.225;0.236905;0.269048;0.269048
ravutec;0.242695;0.271916;0.242695;0.242695
wilks_rover;0.25297600000000003;0.25297600000000003;0.21279800000000001;0.28125
Panchonimo;0.251276;0.251276;0.22449000000000002;0.272959
piorototype;0.237605;0.28718499999999997;0.237605;0.237605
marcos_matus_z;0.227273;0.288961;0.241883;0.241883
sanhueza_miguel;0.239796;0.29591799999999996;0.209184;0.255102
mamut_saez;0.242695;0.271916;0.242695;0.242695
MateoElUnic0;0.242695;0.271916;0.242695;0.242695
Vespucio_Norte;0.232143;0.232143;0.267857;0.267857
sebandres_;0.22449000000000002;0.22449000000000002;0.298469;0.252551
listabfedeunap;0.231456;0.256181;0.280907;0.231456
RostroPela;0.271022;0.29622600000000004;0.186933;0.245819
juventud_pld;0.299286;0.277143;0.194286;0.22928600000000002
davom96;0.280612;0.255102;0.158163;0.306122
DiegoMirandaSJO;0.275102;0.25449;0.17469400000000002;0.295714
HumaUMT;0.251948;0.281169;0.171104;0.295779
Misato_1988;0.227273;0.288961;0.241883;0.241883
gloriagonzalezs;0.21393600000000002;0.289566;0.22584;0.270658
ADRIANCOCA10;0.241497;0.281463;0.235544;0.241497
ANPTUFNacional;0.21853699999999998;0.281463;0.25850300000000004;0.241497
Mily1977Mdr;0.196429;0.232143;0.28571399999999997;0.28571399999999997
Ariasmotors;0.267857;0.232143;0.25;0.25
SMEathens;0.271022;0.29622600000000004;0.186933;0.245819
suadoracion;0.253205;0.259158;0.209707;0.27793
miriam07229440;0.24285700000000002;0.25;0.207143;0.3
corellanau;0.24398499999999998;0.251128;0.217293;0.287594
WhinyWhitch;0.30133899999999997;0.21875;0.178571;0.30133899999999997
CamNephilim;0.28125;0.273066;0.164435;0.28125
osakaumedagal;0.267857;0.297619;0.166667;0.267857
Timba06577617;0.30133899999999997;0.273065;0.12425599999999999;0.30133899999999997
AnyRothen;0.257143;0.266071;0.21071399999999998;0.266071
flomabus;0.241497;0.296769;0.195578;0.266156
sergio232;0.23376599999999997;0.251623;0.23376599999999997;0.280844
elmalalhuino;0.236288;0.286352;0.251276;0.226084
ViajeJazz;0.21875;0.267113;0.23288699999999998;0.28125
Wilfred63841257;0.257143;0.228571;0.257143;0.257143
lema_telesphore;0.269808;0.288715;0.190576;0.2509
Adriana_del74;0.236905;0.236905;0.289286;0.236905
CMMUChile;0.232143;0.232143;0.267857;0.267857
Milena55916208;0.21565900000000002;0.240385;0.296703;0.24725300000000003
brotedeutopia;0.241071;0.290179;0.209821;0.258929
Ismenia37016685;0.257457;0.257457;0.208006;0.27708
bohn_ingrid;0.25297600000000003;0.25297600000000003;0.21279800000000001;0.28125
LuzAlfa03225036;0.257143;0.228571;0.257143;0.257143
sapphiqued;0.245671;0.26298699999999997;0.245671;0.245671
sebastianliera;0.271978;0.24725300000000003;0.240385;0.240385
wolfgangkrl;0.22222199999999998;0.185185;0.296296;0.296296
JipRamakers;0.264319;0.303242;0.16812;0.264319
Gouvrard;0.264286;0.232143;0.23928600000000003;0.264286
Votamos__Todos;0.23709499999999997;0.288715;0.23709499999999997;0.23709499999999997
CPlominsky;0.215179;0.268304;0.215179;0.30133899999999997
LaReinaIsabelCR;0.21071399999999998;0.29285700000000003;0.21071399999999998;0.28571399999999997
claudio181270;0.232143;0.205357;0.267857;0.294643
ceciliaferretto;0.264286;0.232143;0.23928600000000003;0.264286
margaritavigue1;0.245671;0.21645;0.29220799999999997;0.245671
Emilia5603;0.251623;0.251623;0.26298699999999997;0.23376599999999997
mTelcocl;0.232143;0.232143;0.241071;0.294643
fundmustakis;0.25;0.25;0.25;0.25
90sdelire;0.241071;0.232143;0.241071;0.28571399999999997
TaniaDeLaPena;0.222527;0.289835;0.222527;0.26511
JRG_RMZ_VDL;0.267857;0.196429;0.267857;0.267857
miss_andromaca;0.266071;0.2875;0.223214;0.223214
oooNaDiki;0.217533;0.26948099999999997;0.217533;0.295455
rudolphy81;0.209938;0.29705;0.209938;0.283075
geIidez;0.201786;0.266071;0.24464299999999997;0.2875
vargasangelita;0.207143;0.278571;0.257143;0.257143
DaisyRamirezD1;0.28571399999999997;0.25;0.28571399999999997;0.178571
BMeanwhilesmile;0.26298699999999997;0.26948099999999997;0.29220799999999997;0.175325
LIMA_nath;0.22959200000000002;0.29081599999999996;0.23724499999999998;0.24234699999999998
AlexSeguel_;0.247619;0.284524;0.22023800000000002;0.247619
claudiojimenezc;0.282004;0.294063;0.21196700000000002;0.21196700000000002
jdcpirque;0.239796;0.280612;0.239796;0.239796
Tatiana_HquezM;0.283673;0.262245;0.22449000000000002;0.22959200000000002
KarinaCaizares1;0.245536;0.29375;0.194643;0.266071
aiiglesiasm;0.22946399999999997;0.29375;0.22678600000000002;0.25
gmailpedrojesus;0.303571;0.272959;0.19898;0.22449000000000002
metrodance1;0.29220799999999997;0.26808899999999997;0.21034299999999997;0.22935999999999998
jimesierralta;0.226084;0.286352;0.251276;0.236288
8317iOleh;0.24725300000000003;0.256181;0.21565900000000002;0.280907
Cristin18684104;0.214286;0.279762;0.25297600000000003;0.25297600000000003
Cristobal_Aries;0.241497;0.281463;0.235544;0.241497
ACru_zi;0.29354600000000003;0.259712;0.220865;0.225877
solange_parada;0.27381;0.23809499999999997;0.196429;0.291667
zaidacastillo51;0.22966999999999999;0.23681300000000002;0.279121;0.254396
PensarPublico;0.246173;0.251276;0.272959;0.22959200000000002
cervmp;0.236735;0.27551;0.259694;0.228061
McNoLovin;0.28265300000000004;0.252551;0.236735;0.228061
lulobascur;0.264286;0.3;0.221429;0.214286
rvs2018;0.247619;0.278571;0.204762;0.269048
TariqJ76;0.238796;0.264706;0.20098;0.295518
Francis00345554;0.26008400000000004;0.290756;0.177311;0.27184899999999995
bloganimeredes;0.271978;0.271978;0.20879099999999998;0.24725300000000003
Carolin76319883;0.296296;0.22222199999999998;0.296296;0.185185
chasabocha;0.241071;0.258929;0.241071;0.258929
G_Simonetti;0.23376599999999997;0.280844;0.23376599999999997;0.251623
Umberto_Ecco;0.222527;0.307692;0.222527;0.24725300000000003
markosmarkogian;0.204762;0.269048;0.278571;0.247619
Obrero_cabreado;0.20663299999999998;0.270408;0.293367;0.22959200000000002
CaroCiudadana;0.247619;0.284524;0.22023800000000002;0.247619
Carlos18725;0.23851999999999998;0.279975;0.22002600000000003;0.26148000000000005
_Crow_one;0.21853699999999998;0.281463;0.25850300000000004;0.241497
paialiamos;0.260902;0.23063899999999998;0.217293;0.291165
Patriota_UC;0.24591799999999997;0.283673;0.22449000000000002;0.24591799999999997
KaKtiapaz;0.27551;0.24744899999999997;0.201531;0.27551
domicheuquen;0.260902;0.23063899999999998;0.217293;0.291165
marisol_mell;0.252834;0.22619;0.21485300000000002;0.306122
Cami_amh;0.264706;0.244748;0.206933;0.283613
glorydulce3;0.267347;0.235204;0.203061;0.29438800000000004
pauly_ep;0.241497;0.281463;0.235544;0.241497
CorvMauro;0.289286;0.236905;0.236905;0.236905
ventasferiatec;0.267857;0.25297600000000003;0.22619;0.25297600000000003
rdiplus;0.23376599999999997;0.22240300000000002;0.29220799999999997;0.251623
arielsilvac;0.22966999999999999;0.254396;0.279121;0.23681300000000002
Phillip75182339;0.223214;0.24464299999999997;0.3;0.232143
c78349185;0.241944;0.30451100000000003;0.189581;0.263963
mariaharding9;0.24268;0.293478;0.202085;0.261757
AlvarezPesca;0.24591799999999997;0.283673;0.24591799999999997;0.22449000000000002
Dany_abarzua;0.238796;0.302521;0.238796;0.219888
latitud_40;0.241497;0.29081599999999996;0.241497;0.22619
paupereiram;0.241497;0.281463;0.235544;0.241497
